0.00000000023283066425
0.00000004470348751600
0.00000853859894620035
0.00163087263155491100
0.31149667285981870000
0.49586451645819657000
0.71012264374837140000
0.63342495617176890000
0.98416662904067760000
0.97582614700226970000
0.38279407766634000000
0.11366883450376937000
0.71074739045278030000
0.75275157671386770000
0.77555115258156660000
0.13027014331205272000
0.88159737283490060000
0.38509821169883540000
0.55375843471039110000
0.76786102991753610000
0.66145671448223960000
0.33823246634059756000
0.60240107128696050000
0.05860461604229808000
0.19348166431176395000
0.95499788377974290000
0.40459580216372343000
0.27779821350400535000
0.05945877949785583600
0.35662688432329530000
0.11573490598223664000
0.10536704284002851000
0.12510518267827667000
0.89508989178367250000
0.96216933091428490000
0.77434220486124400000
0.89936112873044240000
0.77797558774733230000
0.59333725997331250000
0.32741665513552454000
0.53658113111801190000
0.48699604377310646000
0.01624436089616798600
0.10267293140091600000
0.61052989780778740000
0.61121048152022160000
0.74120197059516060000
0.56957638390850320000
0.78908932675692770000
0.71606141080600840000
0.76772946418043000000
0.63632765869496140000
0.53858281097047370000
0.86931689559329740000
0.03952705855262810000
0.54966818378479760000
0.98662310312918680000
0.44501269790750303000
0.99742530056591330000
0.50823240832227680000
0.07238998978769928000
0.82648804968339500000
0.85921748976125770000
0.11054054463303742000
0.11324402514297761000
0.62960880254155620000
0.25528128567006575000
0.75872556321539410000
0.91658257437309790000
0.06727170549453025000
0.84889574968810730000
0.13908819066132724000
0.56584441654633410000
0.07628356058265409000
0.57016007151976090000
0.90057366050716090000
0.00956915710055889600
0.82770900643957980000
0.09242023019257119000
0.65226396701392740000
0.58241769989295630000
0.24178067978748320000
0.18010983964211827000
0.40097937187742000000
0.58706002882004780000
0.12846550486196004000
0.53691142886719940000
0.55008291386793300000
0.06583654900803025000
0.57478086076661000000
0.78314440665532380000
0.58058167139968900000
0.89109923757342660000
0.19995437675730726000
0.19128596087851896000
0.53561852802995400000
0.30313885395404880000
0.89952110545616030000
0.80853114235945030000
0.42944819088784003000
0.02460445981027396000
0.69945182399515720000
0.59529838330785320000
0.70199121203279480000
0.08032149849663177000
0.34140621308949970000
0.20858670032727722000
0.84005976274277950000
0.45141468410370570000
0.22020466404062466000
0.05909083199214295000
0.28634891073213360000
0.69264195007034600000
0.29461246366891247000
0.27098056099511150000
0.75728715029912750000
0.64184570736619510000
0.59253010717608350000
0.17325047086476633000
0.09083993540320259000
0.35042766224452593000
0.93168348893728160000
0.95154638725360760000
0.74535996567189820000
0.36375344356539274000
0.47690772122284570000
0.08937475379635935000
0.07057797533746735000
0.48039328968909390000
0.75511833084976830000
0.22760119253858820000
0.47182777510317864000
0.11910504493994770000
0.74906358376284190000
0.07114449893563600000
0.58859929693930660000
0.42246571564038043000
0.69095168754549230000
0.97177232142186380000
0.60851339180880890000
0.22605783571532706000
0.17704662186030040000
0.81590477555020870000
0.83781213032269180000
0.02211689186694439800
0.22432634681921060000
0.84633224270205350000
0.64945835632506180000
0.04654605831963663000
0.89029713928342710000
0.04675360336740857000
0.92993824340786680000
0.61820449113539360000
0.07705780709299778000
0.71804115499540570000
0.14586060435532258000
0.85937543209944110000
0.14070753122608520000
0.87513846441510580000
0.15144670351802814000
0.92632037217620470000
0.92719108588792550000
0.09349740482661748000
0.85800432211676840000
0.87882552453558450000
0.85567518652947480000
0.43396062736252970000
0.88647982647600380000
0.31764685714954405000
0.67054971579574250000
0.07499571721965559000
0.32418198918704805000
0.91875993495901040000
0.48314757740381287000
0.28118728436108953000
0.70677131320093330000
0.99332082161108760000
0.72427692795055370000
0.33689323878857660000
0.34660860885096206000
0.20224429076658210000
0.62865953665001240000
0.07397150038519433000
0.12855657380494770000
0.55430559697784120000
0.87236902300050010000
0.62248339332834710000
0.89432812594714170000
0.81667205613690330000
0.98436272238136260000
0.01327997507307339400
0.53647523918984890000
0.46677068549396130000
0.15320092957943893000
0.26137754990566436000
0.92311203221472940000
0.31439815324613810000
0.05004727024520820000
0.55902861706759670000
0.77446586014378930000
0.92297928769657480000
0.28904395027862273000
0.20739450344977606000
0.61235015914005760000
0.95888039598383150000
0.14615563314462965000
0.91572593085709490000
0.90365279393795170000
0.59768364238159980000
0.15757569511837943000
0.09695776784330104000
0.51893365830332930000
0.11632873616872927000
0.21878860846012224000
0.78862421611618000000
0.62722527842322900000
0.80002817906956520000
0.80538220251979180000
0.82800068151304950000
0.14813016922529723000
0.29286232226459920000
0.93670355277127610000
0.91037857954656590000
0.88230869362690370000
0.52096048297143220000
0.50345224777637700000
0.15937932552084352000
0.44145117471394360000
0.31717437059605040000
0.58030478407845580000
0.83821375921788740000
0.09882801084932766000
0.87615007245441320000
0.34466383902576700000
0.83079325415433680000
0.68151154371115990000
0.16870484906435418000
0.22262617152448005000
0.52159876140852230000
0.62536342926060200000
0.44441498900779347000
0.88326290072138750000
0.70321403801783560000
0.31388126163942637000
0.95132097336326430000
0.70230591261630150000
0.14042930994641060000
0.82199819999725610000
0.00165619970875029840
0.31633414460413760000
0.41982161962311865000
0.18592934824849220000
0.51250551569483690000
0.88855349794668610000
0.71371810804987490000
0.32015863775892850000
0.15029981218817404000
0.70726412817407030000
0.08744848148025772000
0.70265996296205460000
0.20805292598525163000
0.73810886341589320000
0.97879291266844090000
0.94944631990504540000
0.34424710209648820000
0.75119650066207120000
0.47853162668843774000
0.39954069772443873000
0.31227326560063100000
0.64419372995335510000
0.04100242132365796000
0.83146247305150080000
0.80933235306946970000
0.58247943650153900000
0.25357237202677720000
0.43232305734727766000
0.57370395356286140000
0.57745513073935650000
0.29392997144991890000
0.14062454716733633000
0.85928850919406930000
0.12410525630006450000
0.70410395354514840000
0.48385512735619150000
0.41632932526541300000
0.51890112592671440000
0.11011505223528058000
0.03197497717142095000
0.10722063997423183000
0.47914223531111083000
0.51616694465499810000
0.58788642933746770000
0.28630800368916040000
0.68482870486245780000
0.80228262896228430000
0.23598213202913030000
0.07258721779671655000
0.86415859940569280000
0.05429248672016706600
0.36986496378474015000
0.64420808311820250000
0.04374387580950757000
0.35508027984877590000
0.82033345134902670000
0.68368920789691750000
0.58463870854405700000
0.66599333214771120000
0.20472644044566940000
0.10275012535568337000
0.62527394316835550000
0.42732314538872623000
0.61872076947953850000
0.17566697082468340000
0.55239142774736070000
0.50676269997872140000
0.79167569616862190000
0.21005796843961210000
0.12107197219874462000
0.12474669019305136000
0.82661782710564040000
0.88400497741013880000
0.84495068556935240000
0.38558094397914405000
0.64596030024935000000
0.37841734785868336000
0.27771344124134870000
0.04326727733043299000
0.26404997034553235000
0.43354433622950380000
0.80696822006805110000
0.13093003323060126000
0.00763634727767155400
0.45854233026809750000
0.58158508143945190000
0.08275055516813869000
0.80535603734731990000
0.82300313357091410000
0.19359851227742608000
0.97731584522121110000
0.66732643748414940000
0.45934955970538116000
0.73576590396062840000
0.53128765671284220000
0.47594243238569330000
0.90500458590024210000
0.85587590717907640000
0.47229827143640807000
0.20896984458677162000
0.91324031630620730000
0.42890041471842205000
0.91997921145144390000
0.71602938745860780000
0.76161300482691660000
0.46808392217391065000
0.40402913544976330000
0.16956487113763030000
0.38689038752021570000
0.89606401659402650000
0.14822716969189073000
0.31138941138396290000
0.47537757456974344000
0.79711674305382710000
0.24929792351380510000
0.61590339136960210000
0.63754775182683320000
0.77162059915796420000
0.37953443940399710000
0.49107792639628217000
0.79588394192272550000
0.01383290747339271200
0.64208532765083870000
0.63829758154302750000
0.91483807495109390000
0.73407231589176670000
0.20781233556026470000
0.69215609224339290000
0.20181361872088321000
0.54640117592152330000
0.36262460124376733000
0.26129883779239070000
0.90807801857945980000
0.44290154890965380000
0.59419584197670300000
0.49140581778310600000
0.85851119680607500000
0.97563859019316270000
0.34697072712691185000
0.27140888147299900000
0.83909636157564070000
0.26740506118021373000
0.07436668565364955000
0.20403696007989522000
0.97105937549281740000
0.47234071936096333000
0.21707739817683158000
0.46178305200766273000
0.20056293369641492000
0.30752033624808250000
0.73638422361659030000
0.64938671100157740000
0.03286180153410541600
0.27660409324696500000
0.83138181040314420000
0.79392578723337490000
0.63982536180744920000
0.20664410545562380000
0.46902414225697990000
0.58361117131599160000
0.46973372158723270000
0.71914082339427500000
0.35589726853934640000
0.97637829124799100000
0.48825362859911925000
0.25644306266460853000
0.98062496917306210000
0.29936911228767950000
0.17950044717961214000
0.28458541153874767000
0.35581360413363390000
0.96039838975690840000
0.43609244380233020000
0.29365676647789457000
0.08844239751068970000
0.89249792477456420000
0.46710363217459600000
0.21679374558066436000
0.40760540613972207000
0.85263257291974610000
0.85282142790433660000
0.88889272996110640000
0.77851142280414550000
0.69568175582463080000
0.87521536273729630000
0.16613428305641276000
0.73164806400766590000
0.74478022569702470000
0.25302310836456277000
0.32741369786431485000
0.53601629231696210000
0.37911183277260513000
0.41036005980040490000
0.37877142211016673000
0.34534162327468070000
0.96025004569684600000
0.40775872833042350000
0.88191711134371690000
0.44616826688274240000
0.21813897483663447000
0.66454419403001430000
0.92794105996556610000
0.23674245365596200000
0.21780864852157233000
0.60145186785314390000
0.87730676018331490000
0.56559119524597980000
0.02791829221496652800
0.33239381329143750000
0.48721833889739620000
0.05870272963550616000
0.21222136061450655000
0.53427987760358000000
0.04745662251659711000
0.06421490090287853000
0.26504607268262930000
0.62379988261502850000
0.14577757970326755000
0.84351772355693060000
0.11188519960657177000
0.37007312508803870000
0.68396689204821650000
0.63767638144217420000
0.79618885568811080000
0.07207143666200243000
0.76564440267529570000
0.23808091121429403000
0.47345404216299090000
0.42972205336409863000
0.07691219277567081000
0.69022882038595400000
0.83370469395003890000
0.23759654469025630000
0.38094003607178056000
0.75954688994291700000
0.07345597932996649000
0.03009205225643011400
0.74758198121098240000
0.78815841153047660000
0.53825660255386050000
0.80701108802018870000
0.13911781208888677000
0.57150210921020170000
0.15690285938136014000
0.96844614207261550000
0.97321313610237780000
0.88370899578699310000
0.78841819554852200000
0.58787535000052090000
0.28419185033232264000
0.28064341370645307000
0.60289201816537240000
0.15237546981896930000
0.10371473565596721000
0.80951451052256710000
0.61727151004314810000
0.89885841847411620000
0.68195792878902030000
0.25396439893569840000
0.50720019695122260000
0.87523761791635910000
0.17038502225742440000
0.54353925140089480000
0.81599701780372240000
0.85543040074380100000
0.38720654229881507000
0.95644957930650790000
0.68186964777582830000
0.23710272541602530000
0.28662055469366650000
0.74452594672312530000
0.20445582434976625000
0.05106245103818479000
0.75292814852612560000
0.80927636872281490000
0.57178642629048470000
0.21120742171540158000
0.34061754787453324000
0.05795164426868161500
0.06876405555101911000
0.13393461047748065000
0.58151060143163300000
0.06852487367473672000
0.08825087210754505000
0.85591657277393530000
0.48006540005446730000
0.69249141063608000000
0.26585943172411780000
0.77915145953932530000
0.81792877224396110000
0.22439549882939408000
0.85954027664709990000
0.17219283982890765000
0.88883240755419330000
0.76698984308375110000
0.49506002922927630000
0.55646558302459960000
0.28492635793135550000
0.42093436512173205000
0.39846373848365670000
0.10657405061125427000
0.35564366698239810000
0.92794039387085940000
0.23661522956696554000
0.19350884752324887000
0.96018987717336390000
0.39626654034534026000
0.68690920619281970000
0.19965838306138523000
0.13475116495740990000
0.73747250709812440000
0.85724885597459310000
0.73453149138010310000
0.29551485383251540000
0.44333708224327295000
0.67738270869796950000
0.38009736154500550000
0.59859605532887860000
0.33184656804864060000
0.38269449752318260000
0.09464902716069722000
0.07796418792600021000
0.89115989409886960000
0.21153977311694297000
0.40409666556893520000
0.18246312389945480000
0.85045666502869750000
0.43722302071405370000
0.50959695661709170000
0.33301871409734946000
0.60657439282657530000
0.85570903010871260000
0.44042475099693007000
0.12112744064647000000
0.13534116370860036000
0.85016226857550190000
0.38099329815369260000
0.76971994758811480000
0.01650998956276039700
0.15340800672006635000
0.30092928376550150000
0.47749319944361600000
0.20120109396349029000
0.42940894725947770000
0.01710892679307182000
0.26780501770954823000
0.15075838275654166000
0.79485110673228740000
0.81656138609973720000
0.96322474528262480000
0.97592634921416450000
0.40193270013826680000
0.76914572664178770000
0.90683378881428160000
0.20525366376060210000
0.20344977850783400000
0.85890769522912100000
0.05136978899494799000
0.81162969826789710000
0.02127236940116950000
0.06302255585620510000
0.03730816876800618000
0.12586023492201145000
0.03930487033701845000
0.50723023460335390000
0.88097480947343680000
0.26618860965925840000
0.84202444515118060000
0.82666902410831580000
0.89378360492115290000
0.71266854017304640000
0.11969117328468766000
0.86101409760817380000
0.45369264339402150000
0.65529488849093630000
0.16132370200166873000
0.81282708255155890000
0.24997276758057163000
0.74479860812201080000
0.25653415153690234000
0.99802294378117570000
0.62238226243739130000
0.87501212577455610000
0.12731602317305660000
0.31736042628664074000
0.61584142098121060000
0.62571140764405640000
0.51087886024761680000
0.57786230752763270000
0.37170073801067366000
0.99484096027150090000
0.01462341208950013200
0.79307170932735580000
0.47669648175779670000
0.04902801597200276400
0.36435105088535860000
0.59105071933631560000
0.89068739346911460000
0.12129215283373161000
0.16680119147556846000
0.85902757206640670000
0.07426626491651481000
0.18485659928715747000
0.30761046407990830000
0.75359863949531380000
0.93734014383775800000
0.03196747324460781600
0.10578738995292353000
0.20539148124122440000
0.22977291730668747000
0.88662720581013690000
0.34579630996897920000
0.04709520430785494500
0.99518402303312500000
0.08014839955970769000
0.30834431613699980000
0.89376438239978860000
0.70899703859245480000
0.41843437139168620000
0.92096493604489680000
0.90430278480812600000
0.72183189858489440000
0.86989262994764850000
0.14949232023368386000
0.55303316486644830000
0.62933448972445370000
0.20288753760349973000
0.75151968250127890000
0.54025935797709290000
0.18953737385758154000
0.20163840703090660000
0.51293574313599430000
0.97072693920774170000
0.40884538891149846000
0.08946928232904128000
0.08863292507971461000
0.92888869045832150000
0.41773987777221890000
0.78831665472663840000
0.56848105302076120000
0.57988112719821690000
0.75729529509225930000
0.64340136285436440000
0.88966030541644480000
0.92511833477379690000
0.69760194202803490000
0.24197092758749986000
0.21644716944530587000
0.34140936428625190000
0.20918857890694295000
0.95501857145893300000
0.40854714888904140000
0.03250543803974504500
0.20853866582413422000
0.83088517264246750000
0.69906797494412070000
0.52198321455987510000
0.69879398116897170000
0.46965040350644110000
0.70322706996308700000
0.31637036318245210000
0.42673936808117713000
0.50721930373765820000
0.87888701412554850000
0.86741969821258550000
0.67716235883666390000
0.33801053803563363000
0.56001276503885480000
0.96243812265408500000
0.82568142716305930000
0.70515258837714990000
0.68414438026846260000
0.67157663150917320000
0.27113661848491255000
0.78709413085112650000
0.33497899279798790000
0.98098762464851190000
0.36863630809859150000
0.40953484706380167000
0.22115578941894612000
0.24075577925153946000
0.98435383727686600000
0.01158292011422695800
0.21233774205017955000
0.55650873181712220000
0.29316777730317930000
0.99504546514007410000
0.05368384198697218000
0.25361381974451713000
0.44023957143560694000
0.08575814443375404000
0.37980558707985246000
0.54286713248464750000
0.68762230480050270000
0.33586021712884950000
0.14930147184308304000
0.51658112226169110000
0.66699435221583260000
0.39592127345685870000
0.62096323049283850000
0.60397702436498100000
0.35961165394419590000
0.68582590357425250000
0.99274758291507010000
0.61478833701121840000
0.42457236937553410000
0.09332255095984412000
0.82460723356305840000
0.49998161077699843000
0.49648765863952693000
0.82914280038247020000
0.36627487328465350000
0.95850079760164840000
0.07365234214767621000
0.06759735043898624000
0.91109393407920180000
0.01894140936037825400
0.61780918806507720000
0.00155492066257241470
0.29698984678416185000
0.72506073600774370000
0.48660057771187710000
0.94071034320135380000
0.67567555169140630000
0.05403037329142194000
0.31980129889442150000
0.08204808906733184000
0.67118501209321190000
0.19633731003629978000
0.50042621716608790000
0.58140747895562880000
0.04882848075793740000
0.32623982499887420000
0.31180657501780740000
0.55505582863404480000
0.01566326933538814000
0.99168444329196570000
0.41172866899827276000
0.64017577890292690000
0.27357377069186867000
0.25259020237974350000
0.24472865476383518000
0.74317306012535120000
0.94605448417492270000
0.69640647764306420000
0.01363723005808788900
0.60471094132761740000
0.49978979380776070000
0.45985061751512200000
0.83146794562113730000
0.81037761387005520000
0.78212424941337480000
0.38573163818741220000
0.67474289402856180000
0.87589275968814410000
0.29551710066834125000
0.44376622788600645000
0.75934952646005820000
0.03575955410394492000
0.83007483408631060000
0.54429331071814100000
0.96002234739777490000
0.36426835320784480000
0.57525546293118480000
0.87379342008911790000
0.89454323725433390000
0.85775831581061330000
0.83183832005998270000
0.88111913168951680000
0.29375415293053897000
0.10704320996577257000
0.44525310369539210000
0.04334280605272220600
0.27847595630277200000
0.18890765406227840000
0.08136192612801010000
0.54012789068276050000
0.16442712064007690000
0.40558004248751540000
0.46578811534827025000
0.96553003175245080000
0.41623606495093074000
0.50108840586060330000
0.70788551960805780000
0.20613424537186845000
0.37164086625970255000
0.98340545583601670000
0.83044206491201200000
0.61443439842712020000
0.35697009981279940000
0.18128906447751666000
0.62621131543851630000
0.60636124898943280000
0.81499855721450030000
0.66472442820239550000
0.96236578689037560000
0.81186529629455320000
0.06627159249247751000
0.65787416629603320000
0.65396576277518140000
0.90746069029246170000
0.32499184609300490000
0.07344260399676719000
0.02753736361536422700
0.25963645076739805000
0.59056209680585470000
0.79736049015107380000
0.29585361908793390000
0.50804124602819920000
0.03587799161888080000
0.85269639943906320000
0.86501229309390640000
0.21734798116895004000
0.51346440350229040000
0.07170106917028580000
0.69490421175741950000
0.72670444589994640000
0.80054916712260220000
0.90489092064985190000
0.83416584435453480000
0.32567627194897103000
0.20416794248629336000
0.99607701511486340000
0.25070988717172804000
0.88558845003288110000
0.14739395651313260000
0.15224569424115830000
0.07892760029406638000
0.07517165639950979000
0.35778637253920176000
0.33719715522036775000
0.40465664732307355000
0.28941963893987840000
0.27915103774960450000
0.31784821040728506000
0.70900818802428210000
0.42056391287072270000
0.32770735854086240000
0.59210548153754780000
0.09214697390447382000
0.60007201598733070000
0.61375505381299900000
0.22721527851563234000
0.39811819671860660000
0.04057557348669361000
0.74993453619131070000
0.23749641277316020000
0.36181483990643004000
0.10663442236096855000
0.36717467117782560000
0.13036219519751810000
0.89917928295878760000
0.74324304536125450000
0.95942166423245000000
0.24953786863078940000
0.66173290871360660000
0.39098556453168050000
0.67824282578380190000
0.54437972493899870000
0.97652746358157580000
0.51674554431380580000
0.69839896416973210000
0.39420215665166847000
0.29261192070151050000
0.88887685422133360000
0.77547915650753330000
0.11651889317168887000
0.25510859602540475000
0.72574184108513620000
0.61669164749383600000
0.78810467155549910000
0.52799226733317150000
0.84652306086859350000
0.68590462613419250000
0.00778359186358240600
0.48666604617707020000
0.95321482005324350000
0.06403063040234787000
0.22985040708127220000
0.90142775275582150000
0.17270077659474540000
0.98584832982919910000
0.29703099760987210000
0.73292054371841010000
0.98782385044915500000
0.67435543602144110000
0.80188828032808770000
0.16066154289757426000
0.68635469366951340000
0.09374649110990022000
0.90557980222377040000
0.96574222497298390000
0.45676497007274725000
0.24210928412755572000
0.24287326859597524000
0.38879430206410500000
0.25971169447688175000
0.60493364531724870000
0.54232625582732940000
0.58431486325275250000
0.60413888150856680000
0.39052636836907795000
0.59053635872671460000
0.79244451703533030000
0.35690275398091440000
0.16842601058748394000
0.16936802244226140000
0.34929228670475820000
0.71482676084165020000
0.53191132098802010000
0.59506230894465580000
0.65690100866208770000
0.46809265469157580000
0.40569704632381115000
0.48813584808075900000
0.23394698365780375000
0.68387387887334480000
0.61991086504170000000
0.40297522319753920000
0.96826763096281530000
0.93911751413055100000
0.37144519916808105000
0.94603304133631570000
0.69231089546913250000
0.23138103483712874000
0.19377765412442138000
0.01153193799731623600
0.20260015772023160000
0.69663012479706620000
0.05635383647246971400
0.76358276647454590000
0.84430839687110780000
0.26290380261443100000
0.21462629958915255000
0.99362322176096950000
0.78203535657801500000
0.36875310663370850000
0.43184336727115796000
0.48208314902400556000
0.07788146381789330000
0.87535958945045220000
0.19368158526920680000
0.99318278665133330000
0.69791225063748390000
0.30123987199224700000
0.53681555075201140000
0.53177019386701210000
0.56810702883213170000
0.50844250716998470000
0.11251886969992190000
0.49110411291791334000
0.80088556755427550000
