0.00000000023283068496
0.00000004470349147128
0.00000853859970165844
0.00163087277584740590
0.31149670041968514000
0.49586978039269670000
0.71112805523790260000
0.82545855067222500000
0.66258317862780250000
0.55338711814310530000
0.69693956556594220000
0.11545702332778544000
0.05229145583985040000
0.98766806564425660000
0.64460053828584610000
0.11870281282942857000
0.67223725065368800000
0.39731487508723610000
0.88714114189493080000
0.44395810216460224000
0.79599751367186160000
0.03552511155838252600
0.78529630788389320000
0.99159480605641600000
0.39460795700828780000
0.37011978881580765000
0.69287966405208770000
0.34001583418156700000
0.94302432891212510000
0.11764682244872860000
0.47054308793999083000
0.87372979677107850000
0.88239118350883130000
0.53671605041961270000
0.51276563037885350000
0.93823540259385120000
0.20296189565840997000
0.76572207098913460000
0.25291555915754027000
0.30687179932302630000
0.61251367093084350000
0.99011114802394620000
0.11122927280655670000
0.24479110628516170000
0.75510130069871430000
0.22434843368725882000
0.85055083449926380000
0.45520938959222085000
0.94499341234701260000
0.49374175851223795000
0.30467587607028035000
0.19309232965637332000
0.88063496460013290000
0.20127823885821070000
0.44414362215107210000
0.83143183108760850000
0.80347973796605690000
0.46462995174968535000
0.74432078442272950000
0.16526982497416176000
0.56653657029772430000
0.20848492709818378000
0.82062107598593150000
0.73862551354575270000
0.07747308747159191000
0.79735970730688620000
0.29570409584809850000
0.47948230721963636000
0.58112067918337830000
0.99404972425808850000
0.86349733352773110000
0.92799070402946680000
0.24622446986099810000
0.02887374368347176600
0.51488504377593790000
0.34304336143697306000
0.52128203469468250000
0.56486862691718490000
0.88990774141514980000
0.97237861052644750000
0.72431461078428750000
0.34409066003173920000
0.72131606629502210000
0.77136866258204700000
0.33141455340378995000
0.30017970035671565000
0.33432276836552394000
0.85564875804790650000
0.42891278738297095000
0.92234239038028480000
0.16739656286721588000
0.97274350787106520000
0.79401000360628640000
0.65591068903353870000
0.27894160563871400000
0.27784667722720470000
0.06871535062892568000
0.12463197035763620000
0.80470633854134220000
0.69891066162920010000
0.49193637141005720000
0.95984693955375990000
0.33076545500097200000
0.17620190541848393000
0.65456393516326210000
0.02171161641588596000
0.14691873566704916000
0.06147851263922159000
0.74239591432415460000
0.79761963614636630000
0.34535050418880875000
0.96194630029530040000
0.73174335663519110000
0.76298111755432390000
0.72939345310867700000
0.31414954399013000000
0.00256290234766506880
0.48951434863685880000
0.49724058987286085000
0.97295266594925690000
0.83395919654089130000
0.28620653954306960000
0.66544905295912550000
0.10076911542578924000
0.24690104655857620000
0.15809989292088444000
0.19707954812175815000
0.64219369148863640000
0.65899507456237630000
0.86805924164670620000
0.79931515475372110000
0.66919455819355920000
0.81616061520264420000
0.88667750393786990000
0.35540325236599060000
0.88202120213703420000
0.46604960840636167000
0.01547520584791232300
0.95576431718408430000
0.55098458239292890000
0.23805523728226086000
0.46855032114465417000
0.49311133886177570000
0.18426572283199110000
0.19475306114313226000
0.19783467857109510000
0.78642360731199650000
0.20690899682414918000
0.51961839364532090000
0.24711318648912092000
0.19861861965492564000
0.93615635432362610000
0.80586367604540940000
0.91996212490602320000
0.71276585728326720000
0.13827874133686524000
0.41123959557408900000
0.54676275488383190000
0.43168618304471434000
0.45206096177326904000
0.34364369892721797000
0.63594649533145950000
0.46578060854160170000
0.96409623167874990000
0.14238025087406717000
0.19462791717965924000
0.17393218154774484000
0.22104667585209384000
0.21991508798275372000
0.00378180493879391040
0.72232474354246760000
0.96402601684413620000
0.12896921746286172000
0.63312053563941870000
0.92602230736181630000
0.87026070633975100000
0.21979491112525050000
0.98082802515567610000
0.33815280496696243000
0.58718574892265040000
0.15247804445905064000
0.12330649191150242000
0.55153995532979150000
0.34413146822300010000
0.72911043082584730000
0.26009228796964845000
0.67762700243568070000
0.42675746544784410000
0.51067590077105060000
0.53909704750351120000
0.96753607340346340000
0.79939002029434360000
0.68349387645245520000
0.54733040265177880000
0.54010690672258110000
0.16041918424582804000
0.64006419118598460000
0.25226051675588790000
0.18175870060742320000
0.71591181625065860000
0.73915690410862540000
0.17896868498029330000
0.18301883146885378000
0.95659681078390420000
0.70999085995854830000
0.60825425231555020000
0.17656219250292670000
0.72337876829183030000
0.16534474397241558000
0.58084609896420920000
0.94160490239678730000
0.84653635801919920000
0.68844438189987800000
0.49287694310952320000
0.13949613415176207000
0.64376162321938450000
0.95847003513525730000
0.06777671106696757000
0.94535181402363600000
0.56219647874729630000
0.37952744096641750000
0.48974122481857220000
0.54057394058011670000
0.24962265103512038000
0.67792634794082320000
0.48393245693006626000
0.43109927387548713000
0.33996131045086886000
0.93261029634878530000
0.12856660285083568000
0.55622114474244460000
0.23823864603974380000
0.50358139382389460000
0.18404622059669265000
0.15282813420112817000
0.19017363264831316000
0.32316383606064203000
0.72429268781545810000
0.33990337298533335000
0.92154424043149950000
0.01494992264922788400
0.85543522623535650000
0.38812821118591390000
0.13248833674238078000
0.30527231802755700000
0.30701274349622270000
0.63943400801137160000
0.13189553040480415000
0.19204630755042246000
0.68084474236352250000
0.04134579166563341000
0.89704620836881180000
0.33582579867587620000
0.14272754732518422000
0.26096153934301597000
0.84365401474887940000
0.13791681726878750000
0.34211209857124370000
0.34341082734037770000
0.59146802224496730000
0.97039224902158880000
0.34491956335630170000
0.87963660128645840000
0.01059084594638418000
0.02285157599220923000
0.36465101474479360000
0.64834381648840640000
0.83366894951846260000
0.23076935825919498000
0.07694742773907154000
0.69695869839549330000
0.11911139377204810000
0.75027621069401820000
0.30275624279029940000
0.82644237318001560000
0.85049327761579970000
0.44421602485057240000
0.84526074669216000000
0.44480261843538466000
0.95730012139130380000
0.84432318597185630000
0.26572852085737475000
0.75414748399140410000
0.04216944259100007000
0.05436353511384401000
0.38343520697703615000
0.23612453284673346000
0.09978577395891997000
0.05908282638654409000
0.28481984006275240000
0.40058945221854140000
0.51258537397423780000
0.90380642931224490000
0.62702799887160480000
0.76234778470934450000
0.60842687971763410000
0.20953402630094808000
0.02099902371391730000
0.01081352959103477200
0.06538415212047204000
0.48837305524298960000
0.27925355164383910000
0.33742836420609400000
0.44881756359678543000
0.72415464721884770000
0.31353761903273910000
0.88568523548599610000
0.16587997805808016000
0.68307580932613920000
0.46747958152541340000
0.28860007158679640000
0.12261367331094750000
0.41921160262380247000
0.06941610137910513000
0.25847536364190920000
0.36879445583749026000
0.43974106519346860000
0.99054345218533630000
0.19379936763207190000
0.01567921795856119800
0.99473063031801940000
0.99355039097455320000
0.76812467637249730000
0.71181318737981410000
0.95631878977733380000
0.65688884770358310000
0.46576991161721326000
0.96205311912056750000
0.75214575226122030000
0.65983868212590450000
0.02918828628058979000
0.57496267982548010000
0.81787184689953870000
0.21352275804472892000
0.78284678677605350000
0.52373627445904030000
0.03362842190950820000
0.42302858494889610000
0.79845972547198970000
0.50580756538286590000
0.60924498836020290000
0.36579277703158114000
0.86642041326483240000
0.48629893381581890000
0.88309635905423560000
0.67140457959181420000
0.23827470226934083000
0.51046813367693090000
0.49941353252662820000
0.38798471281881275000
0.10508014862606445000
0.07030838781114157000
0.42890207216087070000
0.92029578295912650000
0.77649454542599480000
0.31045817659784990000
0.29751173042216630000
0.82474051086659460000
0.52543757575240550000
0.35857696894227770000
0.48820106820786535000
0.24640402793511543000
0.06316933583987860000
0.06534314564964532000
0.48054081931508585000
0.78329648941422870000
0.60962947835052010000
0.43923036518216070000
0.89299975002552190000
0.56295225510751070000
0.52388072576736120000
0.06121862179881994000
0.69275676380743960000
0.31654188745378070000
0.45950050390494860000
0.76459624607802110000
0.03788300113486016400
0.23565321699112193000
0.00976444553712125400
0.86500909782299010000
0.21673768442393132000
0.39689772520371280000
0.80746551414197480000
0.22591320135001913000
0.14942145808648502000
0.53949849475147220000
0.04421249776401407000
0.44458707315951806000
0.91613097370078370000
0.98101597708251650000
0.37405162299349237000
0.44385999198987763000
0.77725847029945340000
0.45636782742842990000
0.16625503906293881000
0.75471246125414540000
0.15008009977460480000
0.66529905718234570000
0.07211992206087268000
0.77490511385951480000
0.00687674740014142250
0.31345875365984227000
0.87062194926270580000
0.28879230940962525000
0.15933109747125560000
0.43223961724264920000
0.55776689357883170000
0.53347667378967690000
0.89404469406111180000
0.76253656590516790000
0.64448408811990330000
0.09646083113435543000
0.42401874689471714000
0.98758065712380350000
0.62790551087929700000
0.92995257817857150000
0.62094243233998050000
0.60000457716910960000
0.60087423953276530000
0.76697975099101110000
0.49313243951595764000
0.18829594778074580000
0.96452602635527570000
0.22447103409049976000
0.87396751151828490000
0.92779470022524710000
0.20878774325503846000
0.87845896194517780000
0.78566173176179990000
0.06139076673660675400
0.72563644692472070000
0.59656136285448970000
0.94322030544035000000
0.15507833933967025000
0.61996281410984900000
0.41289749521398406000
0.86342158610378800000
0.91352294605634330000
0.48288269699439840000
0.23059512616292840000
0.04366909735215592000
0.34079759449461120000
0.09234054870357017000
0.63704480261473420000
0.67555729964705510000
0.03144423282037133600
0.00584846892375583800
0.11705756467019568000
0.35799485224020550000
0.37701677811207780000
0.01020461963968958400
0.94908235141354110000
0.27472912021919040000
0.47326196209819870000
0.39303476098878776000
0.06963934909129613000
0.30111567667039085000
0.51309424427748610000
0.00100065723267606750
0.19112553167395957000
0.50497654995910590000
0.45052104242205800000
0.04951910284590399000
0.45814864380049230000
0.50639096612686110000
0.72067453046329330000
0.64883531872184710000
0.92754587610561820000
0.16126233640590423000
0.80110625376053910000
0.01129446849579637100
0.15724348292993748000
0.03350523985088900400
0.39950081175263040000
0.30465504498523570000
0.18911359241285297000
0.12069615108774550000
0.05296485799222238500
0.11628787674730616000
0.21098445896830842000
0.29803166317973880000
0.92404766756293520000
0.49310450475345820000
0.18296040814333972000
0.94543795561071450000
0.57864952187931130000
0.52205867918129110000
0.71320772385943820000
0.22267525738553273000
0.53097416086958500000
0.41606472632358060000
0.46836272803672700000
0.45728105524768814000
0.34068155254126525000
0.07017653561449276000
0.40371830260094915000
0.11019579701411884000
0.04739722992952961000
0.05287091677298659000
0.09834510387326896000
0.78391484002720210000
0.72773444542843240000
0.99727907706340350000
0.48030371934288540000
0.73801039472393770000
0.95998539250492370000
0.35720996867324410000
0.22710401682245807000
0.37686721332231860000
0.98163774479568220000
0.49280925620813360000
0.12656793598634586000
0.17447577362488967000
0.32487276258675990000
0.05069765430397292000
0.68325197229165790000
0.50112670793949320000
0.71520121667603900000
0.60343238535627900000
0.25558560328211716000
0.81685022711720250000
0.01839337961850199400
0.51313550736671150000
0.00888190727473618700
0.69644428970744230000
0.02085933435431391200
0.98413286190678780000
0.96937662442930620000
0.15093526623029782000
0.82863585021971710000
0.26944739219878466000
0.46445191020069726000
0.71031484856601000000
0.67013607634073820000
0.99599058131382800000
0.23420103117397292000
0.73239695446165910000
0.88781830240970860000
0.57329576048717010000
0.49949025328231520000
0.40263837715503540000
0.90393003684459590000
0.65063703755065400000
0.27167417240776370000
0.88976693011569800000
0.94548365233114940000
0.58737759548236610000
0.18912073736476645000
0.12206083690322003000
0.31361984874785676000
0.90139111107347490000
0.16570221526654340000
0.64912311614262240000
0.98251518347371420000
0.66040004371225880000
0.13640834927426265000
0.05399471161699465000
0.31298991907880885000
0.78107454428532040000
0.18523795872902865000
0.38045011747730306000
0.66597243839771290000
0.20073573419598875000
0.34052523166668350000
0.04031924856938670600
0.70097647698569150000
0.88650710449990890000
0.32285695971542050000
0.66567930587814080000
0.14474742295772244000
0.64675778515781880000
0.53073696537620970000
0.37076038708888740000
0.81523393421032820000
0.70968143440551410000
0.54915397168603720000
0.88840859226593390000
0.68604112302622080000
0.03385449824100065400
0.46620916426395540000
0.04595037464831900000
0.77652155806175920000
0.31561759002883305000
0.28295969573994720000
0.04530188656274549000
0.65266033371721890000
0.65812374022164280000
0.70163438256660140000
0.01216707045370180000
0.32391045688987447000
0.86689726619885220000
0.57737784421360180000
0.27916824503077000000
0.32113480110989395000
0.33674701222257697000
0.31867933474502770000
0.86775293653312160000
0.74081087805904660000
0.49487770951071536000
0.52164251677946790000
0.63372070511120100000
0.04065467647222196400
0.76504320642722580000
0.12325242783294642000
0.54121371632559650000
0.37181981842176315000
0.01758531878959073600
0.35879588904466110000
0.53001480776309830000
0.23282828298461067000
0.47020205029346970000
0.80859160628553460000
0.44099680076994463000
0.23038894729226025000
0.00428893305453794500
0.81918621364957810000
0.46456680730225497000
0.73226019496353230000
0.86169723826751430000
0.58417250932806710000
0.57694928189365090000
0.19731284192015470000
0.68675280698237540000
0.16978613386653002000
0.42915156874006455000
0.96794962958515670000
0.87837925099775770000
0.77043694080454930000
0.15345569390173427000
0.31003753546407703000
0.21716927387154736000
0.47933130969837470000
0.55228015262238830000
0.48550915110898340000
0.73224786204865720000
0.85934165152634970000
0.13425544176561505000
0.64278937746530450000
0.77277109610599120000
0.59927935647714970000
0.46235708736842224000
0.31020368760147520000
0.24890433211459687000
0.54072743412083320000
0.27893991731198200000
0.27752420682139356000
0.00712350311900458000
0.36058909596270544000
0.87251732910956470000
0.65080986015969070000
0.30468329073375480000
0.19450853037999388000
0.15112930281165960000
0.86569683725981300000
0.34809591685711260000
0.48632011994133745000
0.88714290902828320000
0.44429562463491695000
0.86046430550197000000
0.34868235110908713000
0.59832906206847510000
0.28085085531157644000
0.64251336474393510000
0.72005266632441970000
0.53005926819698160000
0.24132022585630250000
0.09216313878660959000
0.60315950847526330000
0.20346611900812590000
0.86202873078487550000
0.64748758014405340000
0.67012780774703680000
0.99441127991686730000
0.93255446435449010000
0.11790269194043648000
0.51941416085620010000
0.20810472376704650000
0.74800223973871230000
0.86842779032687840000
0.86970795266661770000
0.11421895955681895000
0.81582127558524940000
0.82186363701547590000
0.97595467018873530000
0.40734200628127590000
0.80232319995653230000
0.24373119193051695000
0.55265765896156770000
0.55761286189225280000
0.50405662165311030000
0.27481473597688310000
0.48961457181749996000
0.51638321737532480000
0.62919451891985770000
0.17615311392563912000
0.64524476002990140000
0.24174916594399037000
0.17409069553499465000
0.25132284741681005000
0.00266385684355084640
0.50879665735104230000
0.18016155428191893000
0.41085686807934580000
0.47366180338787590000
0.46940444731712580000
0.65624943780385050000
0.34364262076827320000
0.63574056697300340000
0.42644829207648405000
0.45162378684128900000
0.26014328691903554000
0.68736780176862330000
0.28725013803989240000
0.86477636585228370000
0.17228587801902007000
0.90660270186566460000
0.16111605657477845000
0.77316680601551540000
0.67485994919627200000
0.89825029672078380000
0.56580667390253070000
0.06907471561619145000
0.19327068292539704000
0.91470043898366580000
0.70778384611299440000
0.18671460781475300000
0.66249009285065090000
0.53560773470713790000
0.30107732929615477000
0.50576989579839470000
0.60205009772621610000
0.99156866594009520000
0.38961519479100820000
0.41650220531539706000
0.55192121547366700000
0.41695215570323974000
0.63786173955162010000
0.83159225459227120000
0.83412062735662200000
0.31703982534763110000
0.55460664163037110000
0.92986855163371600000
0.60489336227258230000
0.53463219429605000000
0.11474911077839035000
0.91708015890538810000
0.16231035116195990000
0.00127707216717458400
0.24392078416317620000
0.58886977539948400000
0.47412710153429183000
0.55827639328256850000
0.63079111720340470000
0.48110338608313513000
0.89074674211164220000
0.13262774355648219000
0.33189901952092554000
0.39271272872961444000
0.00813118758919181100
0.55305682976846660000
0.63385448600994520000
0.06620682813235700000
0.64550417351301560000
0.29129714121879880000
0.63775397302339760000
0.81100884770179170000
0.90268991127504650000
0.41377305376672080000
0.03065326967650343300
0.85477450844498640000
0.26193111322522860000
0.02884262625149049000
0.50894161426751450000
0.20784832532810485000
0.69903013790085560000
0.51475633929624510000
0.31846080581564840000
0.82601391102167680000
0.76865700537309870000
0.81348802649467730000
0.37621306071620864000
0.85669459702868000000
0.62866803271072090000
0.07559424798052389000
0.43850136451289323000
0.75376062219543540000
0.96827883956097930000
0.94125835637986630000
0.78034606878729050000
0.04609913860531352600
0.80493547384771420000
0.74267550514624470000
0.85102148316556250000
0.54510328485525550000
0.11472740758662697000
0.91293484927858370000
0.37055621244231557000
0.77623657671510430000
0.26118615281774400000
0.88655518842193100000
0.33204098882165930000
0.41982886516974993000
0.18731324765506900000
0.77683030235100850000
0.37458774927545160000
0.54626011184408680000
0.33568136245342270000
0.11514022883657540000
0.99178370801873270000
0.43068823181078350000
0.26145227609247000000
0.93738473389460470000
0.04048417410234573000
0.73247725378086440000
0.90315547237793430000
0.50269522441827190000
0.01478786412274489500
0.82448204767710560000
0.47607110655999960000
0.92958135319275480000
0.55003846004899170000
0.05734586959024120400
0.95306109196890070000
0.03466856629284873000
0.62169616216693800000
0.74396697411798360000
0.09769205676769926000
0.65918284286339150000
0.90392298714059690000
0.64929054408685560000
0.01449392082224958800
0.76833887728250190000
0.75272556119070160000
0.77058218765683520000
0.18119784268834974000
0.60878795370763150000
0.27849915839045014000
0.19333925280881284000
0.92779728671608160000
0.20928176300442727000
0.97281673407843990000
0.80799620921486130000
0.32727596027133810000
0.50970841205840810000
0.35430670338878790000
0.67258034749131780000
0.46284637107453730000
0.40365687546945345000
0.09846321489843900000
0.80647404583467910000
0.03654275465652499000
0.97966613962910390000
0.11623266939166219000
0.20043985404030804000
0.28401212193166410000
0.24631528918067488000
0.04622023374173363000
0.82806464490395440000
0.16034717688811180000
0.62631078586218310000
0.62536009990980760000
0.44377908300608615000
0.76180485439528400000
0.50472718973208450000
0.40289323906097490000
0.95260866087903500000
0.94825422812850780000
0.11655757277782554000
0.26249640079750847000
0.13681255255695304000
0.13119753861086061000
0.05872987490720663000
0.21740610750929712000
0.52456653450858300000
0.19220809137219752000
0.71174545232255830000
0.94338139384146600000
0.18584622395284050000
0.49662877522536597000
0.85609606827772970000
0.51434904127918520000
0.24066688455720825000
0.96737495065960770000
0.76861557621788920000
0.80557505784966550000
0.86483604951894410000
0.18368545835114822000
0.08392254530213880000
0.02920615294134172600
0.57837521202910020000
0.46966549779097440000
0.70611007830893930000
0.86702495724024350000
0.60176683311935590000
0.93746512602979850000
0.05583907192434934000
0.66526273778355400000
0.06518291689166168000
0.44993712654021073000
0.93799116941307600000
0.15631335813035532000
0.85585140313069730000
0.46761799819601835000
0.31503765567233893000
0.17219223364956182000
0.88871662729914100000
0.74487581436877340000
0.27128054466854560000
0.81458403192504150000
0.58555009791575210000
0.84006870214148670000
0.45312210925678060000
0.54632286827792380000
0.34766784131626544000
0.40455769163953026000
0.27051910338310610000
0.66914874640609570000
0.80741056379709900000
0.21541768547872694000
0.14477792666967568000
0.65258399414088510000
0.64354288114187330000
0.91669029833062740000
0.08784698138266021000
0.77877344432093140000
0.74572786553074420000
0.43402231660497465000
0.89826247178298650000
0.56813211078324450000
0.51323315983254720000
0.02753352824935632200
0.25890389585988804000
0.45064410947144984000
0.07302490927975505000
0.94775767266604420000
0.02171547944726906500
0.14765657466122206000
0.20240576052624706000
0.65950026074602120000
0.96454980272287990000
0.22901232030290608000
0.74135317808789190000
0.59845701502019620000
0.30528986909030625000
0.31036499648132520000
0.27971432816594227000
0.42543667992780600000
0.25840586644376934000
0.35552049099277700000
0.90441377985324180000
0.74303195220200480000
0.91910287081574030000
0.54864832603921690000
0.79183027372324510000
0.23958228137264154000
0.76021574240736540000
0.20120680003962838000
0.43049880780185024000
0.22527229038622448000
0.02700746400170550600
0.15842562455858225000
0.25929429092204315000
0.52520956634307300000
0.31502717175978610000
0.17018980635198180000
0.50625301346135510000
0.69432557135165770000
0.61618412839946160000
0.69116852452999630000
0.01318818546213244200
0.51894342350012700000
0.11819388875709085000
0.57503275283718210000
0.83125579213461880000
0.76985629794502200000
0.04255290773202597000
0.12760537704979066000
0.37262701674285000000
0.17176019811717844000
0.80619784061391330000
0.98378755749026460000
0.90342348087336120000
0.55388484704481670000
0.79200578579280680000
0.27310508665892080000
0.16307155208670673000
0.14666644879381813000
0.01329171985209419400
0.53871849198282170000
0.89523196895179250000
0.98930607002519060000
0.95745937504423560000
0.87474063368183340000
0.07546103346302037000
0.41305739166971983000
0.89396180914931430000
0.74670554775187130000
0.62075962084024590000
0.56508758071980920000
0.93172791771640050000
