0.00003411081091796143
0.00651516511816127600
0.24439653780163434000
0.67973872034498810000
0.83009558612555350000
0.54825695021354020000
0.71707749101899150000
0.96180078486020580000
0.70394990853214270000
0.45443252987208443000
0.79661320580095760000
0.15312230821573025000
0.24636086943730742000
0.05492606275854832000
0.49087798711555963000
0.75769553930471660000
0.71984800743368940000
0.49096942006750904000
0.77515923312705270000
0.05541352749989588600
0.58398375271294480000
0.54089676840529440000
0.31128276564407076000
0.45500823825034670000
0.90657350604905120000
0.15553965560159821000
0.70807422013808960000
0.24217604660795340000
0.25562490235192640000
0.82435634945078210000
0.45206274533220275000
0.34398435868355254000
0.70101250879136150000
0.89338917938286590000
0.63733326236020900000
0.73065311103276660000
0.55474420749126370000
0.95614363106420520000
0.62343353349601420000
0.07580489797152558000
0.47873551279421480000
0.43848294392785610000
0.75024229045334270000
0.29627747682127490000
0.58899807309633920000
0.49863196163362794000
0.23870467225576460000
0.59259240108387260000
0.18514860725248686000
0.36338398545782310000
0.40634122267703320000
0.61117353154617230000
0.73414452555172680000
0.22160438061266444000
0.32643669725173540000
0.34940917531429490000
0.73715248526315490000
0.79612468549541060000
0.05981492985625527000
0.42465160277758734000
0.10845613075201219000
0.71512097386715820000
0.58810600886004940000
0.32824769250226854000
0.69530926816611780000
0.80407021996133200000
0.57741201284723520000
0.28569445405476324000
0.56764072469261270000
0.41937841652186210000
0.10127755590849158000
0.34401317875472350000
0.70651714238501680000
0.94477419577104950000
0.45187139250327174000
0.30743596835773700000
0.72026995656059830000
0.57156170330711780000
0.16828533189232928000
0.14249839166772368000
0.21719280876805560000
0.48382647493145410000
0.41085671214055597000
0.47363201907901925000
0.46371564432551154000
0.56968806640553560000
0.81042068369013250000
0.79035058504814660000
0.95696174442882050000
0.77969318613754530000
0.92139855250399180000
0.98712352849527410000
0.54059394283018770000
0.25344308079867417000
0.40762843277959443000
0.85703066113536260000
0.69285627708710100000
0.33554892386911095000
0.08984445923301658000
0.16029171373899867000
0.61571732438157530000
0.60200895711372000000
0.98371080895335130000
0.88876451032291560000
0.75402147190970980000
0.01810113498740623000
0.45731678282742080000
0.34750552027020276000
0.37355437184155670000
0.34888502197016740000
0.63703919653480300000
0.67448653838020150000
0.82692883085130360000
0.94340669283183420000
0.19067833111316890000
0.41956124284808866000
0.13619738421776790000
0.01370038582649792100
0.61677369309393360000
0.80377538117414860000
0.52109780449520320000
0.52968065881662510000
0.16900583420821938000
0.28011433400273084000
0.50183779475441900000
0.85101879832686020000
0.54459048066313120000
0.01678180689089729000
0.20532511639421300000
0.21709723152751578000
0.46557122198834516000
0.92410340000675540000
0.50374940152311480000
0.21613569114774964000
0.28191700945300860000
0.84614880575747960000
0.61442189991144290000
0.35458288331842996000
0.72533071405295390000
0.53816638434702010000
0.78977941051367460000
0.84786740834468790000
0.94267499406822340000
0.05092386726349893600
0.72645864756112730000
0.75360168440815740000
0.93792172219090820000
0.14304893869629384000
0.32234729122495326000
0.56833262419890300000
0.55153122222329830000
0.34246344488280950000
0.41051797284944610000
0.40893281447703410000
0.10616756534634610000
0.27800498138493630000
0.09895144475566062000
0.89972594856400840000
0.84765617595844170000
0.90232960829519640000
0.34495518461534447000
0.88644026176362130000
0.31008999708450130000
0.22718944337257777000
0.39318368439518250000
0.09808371971268344000
0.73399046535536770000
0.19217888310805510000
0.70616667387135370000
0.87783470966138590000
0.66642954555752340000
0.28804320171979880000
0.01625152871440063700
0.10404198468335228000
0.87201907475311650000
0.55564327807807110000
0.12786611314441124000
0.42242761081537944000
0.68367366597029830000
0.58167020055980990000
0.09900830715651326000
0.91058666712686410000
0.92205342146387470000
0.11220349983289975000
0.43086846831668110000
0.29587744871891850000
0.51259270554626860000
0.90520675957013100000
0.89449107812785520000
0.84779592265317260000
0.92902122698879590000
0.44305435509284580000
0.62338182296637400000
0.06592818681026400000
0.59228368099325360000
0.12618306994427167000
0.10096635958871825000
0.28457468167801564000
0.35376420073382050000
0.56896234039254310000
0.67180701520856790000
0.31513990506930073000
0.19172186846927006000
0.61887687786341020000
0.20548367214417154000
0.24738137976959512000
0.24984353622549635000
0.72011541930263460000
0.54204508703602820000
0.53061162411421740000
0.34682020604835206000
0.24265935546807357000
0.34793689463488180000
0.45594687549525637000
0.08585321982679905000
0.39796498715145130000
0.01131254616002804000
0.16069631679818608000
0.69299650868637160000
0.36233315932981730000
0.20563343222793370000
0.27598555576816820000
0.71324115195295210000
0.22906002324669286000
0.75046444035116870000
0.33870810730604206000
0.69324849568685900000
0.41046267642290480000
0.39837119700765010000
0.08889862869400218000
0.97963808078724760000
0.11087343059710665000
0.17682524428019963000
0.77362165775096340000
0.76173663066682280000
0.49169645759598735000
0.91402340106641240000
0.57846960391761270000
0.48769434849686566000
0.14962056313416758000
0.57752755885883930000
0.30776374227115050000
0.78287477402257040000
0.52908183854378350000
0.05463116209548108000
0.43455196046971656000
0.99942444994869600000
0.89006994043375800000
0.00335862308059516060
0.64149700862650630000
0.52592864789552840000
0.45237174827875910000
0.40300392147581540000
0.97374900211357240000
0.98605940392515710000
0.33734614993784690000
0.43311463836158370000
0.72489592729531540000
0.45512211363806270000
0.92832370510280660000
0.30982767486889440000
0.17708590019166068000
0.82340693684001750000
0.27072493667617026000
0.70846290538135130000
0.31641492807092390000
0.43525126177929890000
0.13299100007892517000
0.40128101530753680000
0.64467392397236320000
0.13271947895421507000
0.34942048048791030000
0.73931177342369410000
0.20854872415841944000
0.83280631449094280000
0.06600606800289996000
0.60715898878672150000
0.96736685849664320000
0.76706997309167820000
0.51036486074337520000
0.47968840221747894000
0.62048482377131030000
0.51260134055310020000
0.90685604587498200000
0.20950476235440782000
0.01540960992472416300
0.94323549585514580000
0.15797970856567870000
0.17412433627746268000
0.25774822922820560000
0.22991178282009810000
0.91315051887156820000
0.41174910470235570000
0.64407899838277050000
0.01908869134198738000
0.64594004655242030000
0.37454889174511340000
0.53883832354949470000
0.91811979818630400000
0.36088145381688020000
0.92835767925694620000
0.31631673830956647000
0.41649701736002376000
0.55093031599736440000
0.22769035572943033000
0.48885794455402680000
0.37186741005194670000
0.02667532015464487600
0.09498614977000192000
0.14235460630319643000
0.18972980414334706000
0.23839259161212006000
0.53298499814776420000
0.80013464645579110000
0.82571747328893690000
0.71203739841977360000
0.99914309840960680000
0.83633179646772420000
0.73937312556814130000
0.22026698374782097000
0.07099389606663752000
0.55983414896059610000
0.92832245170668690000
0.30958827621004237000
0.13136075635092692000
0.08990446325987263000
0.17175248286850248000
0.80472422811680490000
0.70232757054256500000
0.14456597386274922000
0.61210100801793170000
0.91129253165777070000
0.05687354686703075000
0.86284745183570380000
0.80386330085225900000
0.53789046301429340000
0.73707843596287380000
0.78198126914173670000
0.35842240630454800000
0.45867960440150196000
0.60780444091970920000
0.09064821589729823000
0.31380923661679183000
0.93756419404007170000
0.07476106188652394000
0.27936282055890340000
0.35829872698337617000
0.43505685405768310000
0.09585912525029636000
0.30909292303943470000
0.03674830076485517000
0.01892544632016805000
0.61476024738492830000
0.41920725075413200000
0.06858489427203933000
0.09971480619234377000
0.04552798297048921000
0.69584474759627000000
0.90634679112039640000
0.11223710422853374000
0.43728690788277325000
0.52179940584252330000
0.66368651615476420000
0.76412458579277660000
0.94779588665316850000
0.02901435098801856400
0.54174103894437640000
0.47253843860872260000
0.25484177449883900000
0.67477892951107520000
0.88277553684820100000
0.61012753823921670000
0.53435980392321880000
0.06272254956763225000
0.98000696765059030000
0.18133082149557062000
0.63418690588681960000
0.12969902461536342000
0.77251370176724440000
0.55011703777652100000
0.07235421554834895000
0.81965516996747990000
0.55413746402148710000
0.84025562833687600000
0.48882501257614340000
0.36557740227622004000
0.82528383499085340000
0.62921248348584860000
0.17958434602991202000
0.30061009194602700000
0.41652756192399080000
0.55676432771507830000
0.34198659381279360000
0.31943941847641383000
0.01292892922787177600
0.46942548275633980000
0.66026720669372610000
0.11103647873451565000
0.20796743852531993000
0.72178075856893880000
0.86012488690012820000
0.28385339815732996000
0.21599904828284800000
0.25581822225679610000
0.86128045128089430000
0.50456619488364380000
0.37214322300880830000
0.07935559491521922000
0.15691862903970060000
0.97145814681564930000
0.54850604202185620000
0.76465402640736010000
0.04891904403862521000
0.34353741161024554000
0.61564561778972530000
0.58831299807036250000
0.36778263167207960000
0.24648264960002872000
0.07818607383831604000
0.93354010335119490000
0.30615974031105310000
0.47651039964396996000
0.01348633223109602800
0.57588945637217190000
0.99488616731766990000
0.02325795790778001400
0.44226996061881324000
0.47356247842616350000
0.45043337963005825000
0.03277550957396173400
0.26012232885952180000
0.68336481240149060000
0.52267916891753250000
0.83172126348155020000
0.85876132520891980000
0.02341311513650919800
0.47190499130608750000
0.13385333969554017000
0.56598788208100030000
0.10368547770388155000
0.80392624167420510000
0.54991216000600100000
0.03322256137901416000
0.34550922362453480000
0.99226171251897410000
0.52198709135687920000
0.69953444939674590000
0.61107983501130720000
0.71624848739252180000
0.80346109220448840000
0.46106861129010185000
0.06410475664228235000
0.24400851890875840000
0.60562711180568680000
0.67477835511901040000
0.88266582796380940000
0.58917314132043410000
0.53206999243574250000
0.62536855545963550000
0.44539409302321300000
0.07027176766650814000
0.42190762453588520000
0.58435628658690240000
0.61205073833118850000
0.90169102148983090000
0.22298510479054715000
0.59015501522733540000
0.71960790865388650000
0.44511055312513853000
0.01611564713428993700
0.07808860288220865000
0.91492315073468340000
0.75032179055735910000
0.31146199668841980000
0.48924136772100946000
0.44510123494564086000
0.01433587485023277200
0.73815209662729000000
0.98705045604521370000
0.52663710486865130000
0.58768703014524330000
0.24822275797429080000
0.41054677332237405000
0.41443370480627240000
0.15683761823086229000
0.95598508232752720000
0.59315072479052060000
0.29178843522224750000
0.73159112768210650000
0.73390538751518350000
0.17592901563287375000
0.60244198611171510000
0.06641934757040704000
0.68609538618057610000
0.04421876072287054400
0.44578329830110450000
0.14460997574379090000
0.62050536729689350000
0.51652515393950200000
0.65630440267772020000
0.35414091167737590000
0.64091413061162370000
0.41459894705296430000
0.18839888734901228000
0.98418748389417720000
0.97980942402066910000
0.14359998818062150000
0.42759774273153610000
0.67116886195622680000
0.19325263387214897000
0.91125306981328150000
0.04933633456959777400
0.42323990302600556000
0.83882147819988980000
0.21490233641178408000
0.04634625488358825500
0.85213468299818730000
0.75772445288660250000
0.72537050157390150000
0.54576580084800450000
0.24126796220169588000
0.08218078075674723000
0.69652912477155150000
0.03706283159915834500
0.07900083567207464000
0.08915961359908635000
0.02948619765832325600
0.63186375297257250000
0.68597681799416800000
0.02157223711892400400
0.12029728994731535000
0.97678238017006440000
0.56543461271511620000
0.99801102882003380000
0.62010650485928630000
0.44034242835651743000
0.10540381632766200000
0.13212891881627375000
0.23662349414111786000
0.19508738118634000000
0.26168980682376990000
0.98275310357288880000
0.70584278265459040000
0.81597148725961110000
0.85055406681855850000
0.45582676257750077000
0.06291165253547164000
0.01612563450791473000
0.07999619124454427000
0.27927252794078580000
0.34105283692291640000
0.14109185250986056000
0.94854382961619900000
0.17187145692683953000
0.82744827325918050000
0.04262019273629313000
0.14045681286481884000
0.82725125741322940000
0.00499016615964584900
0.95312173672518790000
0.04625171474370630400
0.83407751628073470000
0.30880560985315920000
0.98187148218623480000
0.53745309780366460000
0.65354168073277410000
0.82646102019268210000
0.85405485703510990000
0.12447769393880466000
0.77523954254452050000
0.07075262623625446000
0.51375161135743360000
0.12655776950266426000
0.17253397524170389000
0.95398927139827010000
0.21195083730241784000
0.48260992499464017000
0.17849567420910070000
0.09267377417106475000
0.70069086690619840000
0.83195557931673240000
0.90351564972871200000
0.57148909841681690000
0.15441779784485743000
0.49379938860060100000
0.31568322294762790000
0.29549558322976070000
0.43965639711713145000
0.97437184960493580000
0.10502327477558053000
0.05944548236871192000
0.35408713265680790000
0.63064233768313790000
0.45268649771218367000
0.46312106325990565000
0.45612308287480880000
0.11950882932131429000
0.82618640060386030000
0.80160251557014730000
0.10608047413096207000
0.26137055924658440000
0.92177681633045780000
0.05937191935027555000
0.34003659613546006000
0.94698986210570010000
0.87506366242155030000
0.13715952274893808000
0.19746884528000600000
0.71654944871397700000
0.86094470460242860000
0.44043857929667970000
0.12376864589864770000
0.63981136687453900000
0.20397107326977756000
0.95847499476034280000
0.06872399945829867000
0.12628389676787544000
0.12022428289704162000
0.96283803356778070000
0.90206441167894700000
0.29430263091171016000
0.21180250436947673000
0.45427833480288340000
0.76716194758355160000
0.52793198869118350000
0.83500984024889050000
0.48687948777091516000
0.99398216447762580000
0.85059341545934670000
0.46334235296806980000
0.49838941713416585000
0.19237867285850857000
0.74432651620796900000
0.16636459595489572000
0.77563782761791360000
0.14682507525432370000
0.04358937380865610000
0.32557039768614593000
0.18394595828670050000
0.13367803299262540000
0.53250430182428350000
0.70832164867098480000
0.28943489639092096000
0.28206521089873250000
0.87445528189073980000
0.02095884136414079300
0.00313870078372208840
0.59949184992374950000
0.50294333566898400000
0.06217711300877165600
0.87582858490821700000
0.28325971770227530000
0.10260608136741459000
0.59776154140901660000
0.17245440935501030000
0.93879218703979960000
0.30930772483455190000
0.07777544363223668000
0.85510973399003640000
0.32595919232978640000
0.25820573522203200000
0.31729542764094176000
0.60342667965271000000
0.25449581390044546000
0.60870045521791400000
0.26178694685440607000
0.00130684942438932100
0.24960824029119094000
0.67517389585029920000
0.95821410763997030000
0.01889455946715160700
0.60886085845878760000
0.29242396586126285000
0.85297747973403170000
0.91869862943288140000
0.47143822191318463000
0.04470038565109890600
0.53777365959272170000
0.71476898244267130000
0.52087564678303690000
0.48724853579287664000
0.06447033667227070000
0.31383430463653444000
0.94235218581091350000
0.98926749011731010000
0.95009061263906070000
0.46730701429343124000
0.25563973027819430000
0.82718848336793990000
0.99300032350936530000
0.66306179052160640000
0.64480198985965340000
0.15718006342662800000
0.02139211471877701400
0.08589391151924030000
0.40573710040773053000
0.49578617810936380000
0.69516001912132240000
0.77556365240541180000
0.13265760966648982000
0.33760344653238444000
0.48225828791826464000
0.11133299262137400000
0.26460159091526586000
0.53890386504860610000
0.93063822451659330000
0.75190088290214220000
0.61306863454199760000
0.09610919775436844000
0.35685677131720190000
0.15964332181839486000
0.49187446754624950000
0.94802330156649170000
0.07245059943275317000
0.83806449188868640000
0.07031795097192050000
0.43072863586964605000
0.26916945133523110000
0.41136520526197284000
0.57075420526963980000
0.01405320673403325000
0.68416248643318120000
0.67503490897045040000
0.93166761358885110000
0.94851419570338110000
0.16621137957863810000
0.74637349975270550000
0.55733845299958340000
0.45164452315325080000
0.26410392250374004000
0.44384919844717840000
0.77519690364391000000
0.06260859621965550000
0.95824187818703200000
0.02419873395593855800
0.62195818581709500000
0.79401349129799280000
0.65657683814945520000
0.40617608677877276000
0.57963257497842650000
0.70982182111228900000
0.57596783268002490000
0.00985604211758590200
0.88250404469173780000
0.55827253635475580000
0.63005444399119530000
0.34039880255111404000
0.01617128749561690800
0.08871591189566011000
0.94473917230391160000
0.44518191027995013000
0.02974486370330196000
0.68126896756350530000
0.12237280486235105000
0.37320572894188186000
0.28229422813226540000
0.91819757349552620000
0.37573653787834926000
0.76567873499754270000
0.24463838476348515000
0.72593149005849580000
0.65291460140551590000
0.70668886868637470000
0.97757391933040320000
0.71661859233984400000
0.87415113714303700000
0.96286719455290440000
0.90763415983757200000
0.35812452920909077000
0.40178507916916495000
0.74095012154333060000
0.52147321500898820000
0.60138406694958930000
0.86435678760439580000
0.09214643267242556000
0.59996864066611390000
0.59401036746058380000
0.45598018520433464000
0.09221537426074740000
0.61313648403558510000
0.10906845102957810000
0.83207414688224780000
0.92616205474216640000
0.89695245598660830000
0.31791909367501820000
0.72254689216130300000
0.00645640304170268900
0.23317298119804428000
0.53603940905928620000
0.38352713055649656000
0.25368193652367720000
0.45324987625517893000
0.57072636497200760000
0.00873570988626881700
0.66852058851017460000
0.68743240567618240000
0.29958948438367000000
0.22159151751380624000
0.32397984536981900000
0.88015046586825510000
0.10873898106955603000
0.76914538451803160000
0.90676844317686190000
0.19277264701346156000
0.81957557980398670000
0.53893574279428150000
0.93672687394058340000
0.91483292288425160000
0.73308827112487870000
0.01985978508467106700
0.79321895140500440000
0.50481971858866900000
0.42056625066861420000
0.32815387793814704000
0.67739068641891320000
0.38162110624524814000
0.88963129307522190000
0.91957697760022700000
0.63920272187620300000
0.08771987858759708000
0.75449681046387220000
0.10889079883242771000
0.79814257722652270000
0.44523225049866940000
0.03935984547868350000
0.51773048666137910000
0.88652295255624030000
0.32588393847472260000
0.24383224890484187000
0.57195954105762770000
0.24427234223971797000
0.65601736801896440000
0.29931729185503300000
0.16960274454412602000
0.39412420816090080000
0.27772375896488666000
0.04523796252618628000
0.64045084273441040000
0.32611096250521704000
0.28719383872928640000
0.85402319752653210000
0.11843072780046576000
0.62026901012179140000
0.47138093349497456000
0.03375829777297093000
0.44783487487027823000
0.53646110045597040000
0.46407018732317240000
0.63740577895875520000
0.74450378135507500000
0.20022223905216108000
0.24244765919559505000
0.30750290659148390000
0.73305515920625210000
0.01353540862698111200
0.58526304798622300000
0.78524216560140920000
0.98125363010198900000
0.41944334971272210000
0.11367979536276035000
0.71284091452005620000
0.15261467356355130000
0.14940265087112540000
0.53590631661778180000
0.35810647422915420000
0.39833657800128086000
0.08228639847746981000
0.71670210942956570000
0.89010290127988190000
0.00965414469027299500
0.84394163607497270000
0.19285249055261566000
0.83482569578242360000
0.45170789467574174000
0.27620788329950280000
0.75570571043786920000
0.33979069386583893000
0.90002252860807210000
0.90430296437460610000
0.72186619578259380000
0.87644339470824460000
0.40068838950756030000
0.53148239617684370000
0.51313767000997110000
0.00929497213730895400
0.77533967845884090000
0.08987858587144260000
0.16680990167836768000
0.86069122080105850000
0.39202317323500224000
0.87642608811825900000
0.39738283082029410000
0.90012068690899770000
0.92305119985138860000
0.30277917184805353000
0.83082182321105080000
0.68696823354354060000
0.21093260704909030000
0.28812794660907975000
0.03243780256706243000
0.19562029054175545000
0.36347549370812120000
0.42381929848398464000
0.94948601067389840000
0.35182803894742120000
0.19915543919028372000
0.03868888557702173500
0.38957714544398203000
0.40923478003339730000
0.16384298661172120000
0.29401044307157675000
0.15599462690398677000
0.79497373889430530000
0.83998412904515800000
0.43696864785800570000
0.46101174111191984000
0.05324255260952354000
0.16932754865182700000
0.34156179273178566000
0.23830241200389352000
0.51576069297649350000
0.51029235874308450000
0.46584052016197774000
0.97553935117058380000
0.32801607381433967000
0.65107009877171300000
0.35438886563000290000
0.68827333556337680000
0.46020709283780150000
0.89955473225291050000
0.81495386053872960000
0.65618736313020230000
0.33178635810147716000
0.37119439761496880000
0.89812994469187560000
0.54281943638105520000
0.67851234901438120000
0.59585866197963820000
0.80900443834371930000
0.51984772388320410000
0.29091526192481330000
0.56481502787217950000
0.87967032381912700000
0.01703184968608748700
0.25308329027554070000
0.33890844286110505000
0.73151258670389040000
0.71890406067589770000
0.31067558932929200000
0.33903756212760494000
0.75617436660537710000
0.42930402185985200000
0.99706817546456460000
0.44002151396466316000
0.04410916748349382600
0.42485098958015140000
0.14653901004174360000
0.98895091820585930000
0.88962537755196220000
0.91844711265762670000
0.42339851783953420000
0.86911690758385910000
0.00132934874990702620
0.25390561146507260000
0.49597179006170555000
0.73061190201859130000
0.54687328578375630000
0.45279758493026867000
0.48433872191414806000
0.50869588583511330000
0.16091419473945476000
0.73461119546868800000
0.31073833475224255000
0.35102193791116315000
0.04519014126498986000
0.63131698184589380000
0.58154353279854220000
0.07481476475439999000
0.28962006832322930000
0.31743304996962270000
0.62971254443076700000
0.27509598650933110000
0.54333342351507190000
0.77668389161155650000
0.34662329804011044000
0.20504992589392712000
0.16453584597291074000
0.42634658105878026000
0.43219698245985910000
0.54962365006592450000
0.97811716282440890000
0.82037809969492930000
0.69221704196432450000
0.21345501541881548000
0.76990794522658730000
0.05241753851102229000
0.01174985583808740900
0.24422246530752564000
0.64649087397022600000
0.47975692854598284000
